version: 1
creator: callgrind-3.11.0
pid: 29529
cmd:  ./mshell
part: 1


desc: I1 cache: 
desc: D1 cache: 
desc: LL cache: 

desc: Timerange: Basic block 0 - 43764
desc: Trigger: Program termination

positions: line
events: Ir
summary: 218856


ob=(2) ???
fl=(16) ???
fn=(214) 0x0000000004a28530
0 6

fn=(84) 0x0000000004000ab0
0 1
cob=(1) /lib/x86_64-linux-gnu/ld-2.23.so
cfi=(17) /build/glibc-Qz8a69/glibc-2.23/elf/dl-minimal.c
cfn=(86) free
calls=1 120 
0 6

fn=(272) 0x0000000000400e78
0 6

ob=(1)
fl=(30) /build/glibc-Qz8a69/glibc-2.23/elf/dl-debug.c
fn=(92) _dl_debug_state
74 2

fn=(88) _dl_debug_initialize
50 8
+5 6
+5 2
-1 1
+1 2
+1 2
-1 1
+4 1
-13 4
+4 8
+4 1
-1 1
-58 4

fl=(27) /build/glibc-Qz8a69/glibc-2.23/string/../sysdeps/x86_64/multiarch/../memset.S
fn=(74) memset
53 10
+1 10
+1 10
+1 10
+1 10
+2 10
+1 10
+1 8
+1 8
+15 2
+1 2
+1 2
+1 2
+1 2
+1 2
+1 2
+1 2
+1 2
+1 2
+1 2
+1 2
+1 2
+1 4
+3 2
+1 2
+1 2
+1 2
+1 2
+1 2
+1 2
-6 34
+1 34
+1 34
+1 34
+1 34
+1 34
+1 34
+1 2
+3 8
+1 8
+1 8
+1 2
+1 2
+1 1
+1 1
+3 1
+1 1
+1 1
+1 1
+2 1
+1 1
+1 1
+2 6
+1 6
+1 6

fl=(38) /build/glibc-Qz8a69/glibc-2.23/misc/../sysdeps/unix/syscall-template.S
fn=(206) munmap
84 4
+1 1

fn=(124) mprotect
84 24
+1 6

fl=(34) /build/glibc-Qz8a69/glibc-2.23/elf/dl-misc.c
fn=(106) _dl_name_match_p
288 340
+1 136
cfi=(19) /build/glibc-Qz8a69/glibc-2.23/string/../sysdeps/x86_64/multiarch/../strcmp.S
cfn=(54) strcmp
calls=68 144 
* 2262
* 68
+1 68
-1 68
+3 68
+2 136
+4 69
-4 138
+1 216
cfi=(19)
cfn=(54)
calls=72 144 
* 2482
* 144
-5 3
+11 80
-1 65
+1 260

fn=(142) _dl_sysdep_read_whole_file
45 2
+7 1
-7 3
+7 1
-7 3
+7 1
cfi=(24) /build/glibc-Qz8a69/glibc-2.23/io/../sysdeps/unix/syscall-template.S
cfn=(110) open
calls=1 +32 
* 5
+1 2
+2 5
cfi=(36) /build/glibc-Qz8a69/glibc-2.23/io/../sysdeps/unix/sysv/linux/wordsize-64/fxstat.c
cfn=(120) _fxstat
calls=1 -21 
* 10
* 2
+2 1
+3 1
-3 1
+3 1
+13 2
cfi=(24)
cfn=(130) close
calls=1 +11 
* 5
+3 7
-14 6
cfi=(26) /build/glibc-Qz8a69/glibc-2.23/misc/../sysdeps/unix/sysv/linux/wordsize-64/mmap.c
cfn=(72) mmap
calls=1 -29 
* 33
* 2

fl=(11) /build/glibc-Qz8a69/glibc-2.23/string/../sysdeps/x86_64/strlen.S
fn=(22) strlen
66 14
+1 14
+1 14
+1 14
+1 14
+1 14
+1 14
+2 14
+2 14
+30 13
+1 13
+1 13
+1 13
+1 13
+1 6
+1 6
+4 7
+1 7
+1 7
+1 7
+1 7
+1 7
+1 7
+1 7
+1 7
+1 7
+1 7
+1 7
+5 56
+4 1
+1 14
+1 8

fl=(6) /build/glibc-Qz8a69/glibc-2.23/elf/dl-lookup.c
fn=(174) check_match
92 768
+3 672
+12 576
+3 524
cfi=(19)
cfn=(54)
calls=35 +34 
* 1410
* 70
+5 96
-1 96
+1 96
+2 190
+19 190
+1 760
+46 96
-7 96
+7 480
-18 2
+2 1
+1 4
-1 5
-29 285
cfi=(19)
cfn=(54)
calls=95 +6 
* 2280
* 285

fn=(170) _dl_lookup_symbol_x
806 1122
568 102
806 408
568 510
+1 102
-1 102
+1 306
-1 306
+1 1191
-1 1191
+1 3573
-1 3777
808 102
+4 102
+4 102
-8 102
+1 204
+7 292
+7 102
-2 102
+2 102
-2 102
+6 102
-7 102
+7 204
-7 612
+15 6
-8 30
+2 1428
cfn=(172) do_lookup_x
calls=102 355 
* 40011
+3 306
+26 204
+22 96
+1 672
+31 96
+9 480
+14 288
+3 384
+5 96
+2 816
-85 42
+16 6
+1 12
+59 2

fn=(10) _dl_setup_hash
956 12
+4 4
+4 8
+2 4
-1 4
+3 12
+1 4
+1 4
+3 4
-3 4
+7 4
-4 4
-1 4
+3 4
+2 4
-7 4
+7 4
+1 4

fn=(172)
355 714
+1 102
-1 510
+48 102
-30 102
-11 102
+41 102
+7 204
-7 204
-30 408
+37 408
-44 204
+3 204
-3 420
+3 420
+4 642
+4 618
+4 618
+6 927
+8 309
-4 309
+1 309
+3 618
+1 927
+3 309
+1 618
+2 618
+8 309
-8 309
+8 3090
-99 213
553 1548
+1 108
cfi=(34)
cfn=(106)
calls=54 288 
* 4938
* 162
+3 648
+3 6
+1 816
-92 192
+50 704
+4 48
+12 192
+1 96
+1 192
413 606
+2 202
+2 1313
+13 303
-10 985
+2 192
+1 480
-1 96
+1 672
-1 96
+1 288
cfn=(174)
calls=96 92 
* 8982
+4 288
+34 10
+94 35
439 864

fl=(42) /build/glibc-Qz8a69/glibc-2.23/elf/dl-cache.c
fn=(204) _dl_unload_cache
322 4
-1 1
+3 2
cfi=(38)
cfn=(206)
calls=1 84 
* 5
+1 1
+2 2

fn=(140) _dl_load_cache_lookup
185 9
+8 2
+3 3
+51 2
+9 1
+6 2
-6 4
+6 1
cfi=(24)
cfn=(68) access
calls=1 84 
* 9
+19 1
-19 1
+19 144
cfn=(144) _dl_cache_libcmp
calls=9 138 
* 642
* 42
-15 4
+15 23
cfn=(144)
calls=1 138 
* 71
* 5
cfn=(144)
calls=1 138 
* 144
* 9
-82 4
cfi=(34)
cfn=(142)
calls=1 45 
* 94
+8 1
-8 1
+8 4
+1 4
cfi=(14) /build/glibc-Qz8a69/glibc-2.23/string/../sysdeps/x86_64/multiarch/../memcmp.S
cfn=(30) bcmp
calls=1 24 
* 38
* 2
+7 1
-3 1
+3 3
+3 1
+1 2
-1 1
+1 1
+1 4
cfi=(14)
cfn=(30)
calls=1 24 
* 32
* 2
+61 21
+16 2
+4 2
+8 3
cfi=(11)
cfn=(22)
calls=1 66 
* 34
* 2
+1 1
-1 4
+1 2
cfi=(18) /build/glibc-Qz8a69/glibc-2.23/string/../sysdeps/x86_64/multiarch/../memcpy.S
cfn=(46) memcpy
calls=1 61 
* 71
+1 2
cfi=(29) /build/glibc-Qz8a69/glibc-2.23/string/strdup.c
cfn=(82) strdup
calls=1 40 
* 109
+1 8
-31 9

fn=(144)
138 33
+1 26
+2 116
+2 58
-2 58
+2 4
+6 2
+2 2
-1 2
-1 2
+1 2
+1 8
+2 10
+2 4
+6 112
+2 206
+4 47
+1 47
-29 94
+32 6
-7 18

fl=(15) /build/glibc-Qz8a69/glibc-2.23/elf/dl-object.c
fn=(32) _dl_new_object
61 42
+1 3
cfi=(11)
cfn=(22)
calls=3 +4 
* 66
+6 3
-6 6
+6 6
+7 12
cfi=(17)
cfn=(36) calloc
calls=3 +28 
* 120
* 3
+3 3
-3 3
+3 3
+4 3
+5 6
-6 3
+6 3
-5 3
+3 6
+2 3
cfi=(18)
cfn=(46)
calls=3 -26 
* 88
+10 3
-10 3
+10 3
-8 3
+9 6
-1 9
+1 9
+3 3
-4 3
+1 3
+3 3
+9 3
-7 3
+4 3
+3 9
+2 2
-2 2
+2 30
-2 30
+12 3
+6 3
-5 3
-1 3
+6 15
+2 2
+3 2
-3 2
+3 2
-3 4
+7 6
+4 4
+2 5
+6 1
+6 1
-3 2
+3 4
-3 4
+3 4
+2 6
cfi=(11)
cfn=(22)
calls=2 -91 
* 68
+4 2
-4 8
+4 6
+64 4
+4 24
68 30
+34 8
+39 8
+70 6
cfi=(25) /build/glibc-Qz8a69/glibc-2.23/string/../sysdeps/x86_64/memcpy.S
cfn=(70) mempcpy
calls=2 61 
* 71
* 42
+6 40
-1 40
+1 42
-1 2
+1 6
+5 4
-89 2
+32 4
cfi=(17)
cfn=(40) malloc
calls=2 -71 
* 58
* 2
+1 2
-1 2
+1 6
+2 1
-35 2

fn=(48) _dl_add_to_namespace_list
32 15
+2 6
cfi=(2) /build/glibc-Qz8a69/glibc-2.23/elf/rtld.c
cfn=(50) rtld_lock_default_lock_recursive
calls=3 688 
* 6
+2 3
-2 3
+2 19
+3 15
+2 2
+2 2
+4 2
+4 2
-4 4
+1 2
+4 4
-4 2
+1 2
+3 2
-3 2
+2 2
cfi=(2)
cfn=(52) rtld_lock_default_unlock_recursive
calls=2 694 
* 4
-4 1
+4 1
-4 2
+1 1
+4 2
-4 1
+1 1
+3 1
-3 1
+2 1
cfi=(2)
cfn=(52)
calls=1 694 
* 2
-5 2

fl=(17)
fn=(36)
103 8
+8 24
-4 8
+4 16
+3 8
cfn=(40)
calls=8 -20 
* 289
* 8

fn=(86)
120 1
+2 3
+7 2

fn=(40)
94 21
+1 42
cfn=(44) __libc_memalign
calls=21 -43 
* 633
* 21

fn=(80) strsep
354 8
+2 4
+1 8
+4 132
+7 366
-2 244
+13 2
+4 4
-7 61
-15 187

fn=(44)
52 66
+1 87
+11 63
+3 21
-3 21
+3 42
-3 3
+3 1
-3 1
+3 78
+4 12
+1 6
+6 24
cfi=(26)
cfn=(72)
calls=3 -45 
* 99
+2 15
+4 9
+3 3
+1 3
+2 15
-3 19
+1 19
+2 95
-31 2
-1 5

fl=(40) /build/glibc-Qz8a69/glibc-2.23/elf/dl-deps.c
fn=(134) openaux
60 4
+7 2
-4 22
cfi=(22) /build/glibc-Qz8a69/glibc-2.23/elf/dl-load.c
cfn=(104) _dl_map_object
calls=2 2167 
* 5507
* 2
+5 4

fn=(132) _dl_map_object_deps
161 1
-1 1
+1 1
-1 4
+1 1
-1 2
+1 1
-1 2
+1 1
-1 2
+1 3
-15 1
+15 1
-17 1
+1 1
+1 1
+6 4
+26 1
-26 1
+26 7
-34 1
+2 1
+33 2
-33 1
-2 1
+2 2
-2 1
+1 1
+1 1
+6 3
+26 1
-26 1
+26 5
+4 1
+21 1
+1 1
-22 2
+19 1
-12 1
+15 1
-16 2
+13 1
317 9
217 1
-4 1
-4 1
+8 4
-4 3
-4 3
+8 3
+12 8
+2 2
+11 2
-5 2
-6 4
+5 2
+2 4
+1 4
+3 14
+50 6
+1 3
-51 192
+1 96
+6 10
cfi=(28) /build/glibc-Qz8a69/glibc-2.23/string/../sysdeps/x86_64/multiarch/../strchr.S
cfn=(76) index
calls=2 24 
* 70
* 4
+5 10
-3 2
+3 2
cfi=(32) /build/glibc-Qz8a69/glibc-2.23/elf/dl-error.c
cfn=(96) _dl_catch_error
calls=2 -91 
* 5665
+2 6
+15 2
+2 4
+5 2
+6 2
+2 2
-8 4
+3 2
+1 2
+1 2
+1 2
+4 12
+7 138
459 12
+2 6
+2 6
cfi=(17)
cfn=(40)
calls=2 94 
* 58
* 2
+2 2
-2 2
+2 2
+4 8
-1 2
+1 2
cfi=(18)
cfn=(46)
calls=2 61 
* 41
+1 10
cfi=(18)
cfn=(46)
calls=2 61 
* 41
+4 2
-1 2
+5 22
+7 6
+1 1
+3 5
+10 4
cfi=(17)
cfn=(40)
calls=1 94 
* 29
* 1
+3 1
-3 1
+3 1
+5 6
+1 1
-1 3
+1 2
+8 2
+4 3
-4 1
-6 3
-2 3
+8 6
+4 9
-4 3
-6 9
+13 3
+51 3
+2 3
+42 1
-4 1
+5 2
-1 4
+1 2
cfi=(27)
cfn=(74)
calls=1 53 
* 15
* 1
-2 9
+7 1
-1 1
+1 1
-1 2
+7 1
-7 1
+7 2
-13 2
+7 2
-1 2
+1 2
-1 4
+7 2
-7 2
+7 6
+2 8
+1 4
-1 4
+1 3
+2 9
+1 6
+28 18
cfi=(27)
cfn=(74)
calls=2 53 
* 37
* 10
-6 3
-28 6
+31 10
-6 2
+16 2
+2 1
+1 1
-1 1
+2 3
+7 3
+3 3
+3 8
481 9
-1 4
+1 9
202 2
+27 8
-19 4
+8 25
+2 2
+2 8
+2 30
338 6
611 8
cfi=(18)
cfn=(46)
calls=1 61 
* 28
+2 1
-38 1
+38 1
209 2

fl=(1) ???
fn=(0) 0x0000000000000cc0
0 2
cfi=(2)
cfn=(2) _dl_start
calls=1 337 
0 91279
0 14
cfi=(53) /build/glibc-Qz8a69/glibc-2.23/elf/dl-init.c
cfn=(210) _dl_init
calls=1 80 
0 1610
0 3
cob=(5) /home/damian/Desktop/shell/mshell
cfi=(64) ???
cfn=(250) _start
calls=1 0 
0 125948

fl=(25)
fn=(70)
61 17
+4 17
+3 16
+1 16
+2 7
+1 7
+2 7
+1 7
+5 7
+1 7
-1 9
+1 9
+2 10
+1 10
+2 10
+1 10
+5 10
+1 10
-1 6
+1 6
+2 5
+1 5
+2 5
+1 5
+5 5
+1 5
-1 11
+1 11
+2 7
+1 7
+2 7
+1 14
+5 7
+1 7
-1 9
+1 11
+5 2
+1 2
+1 2
+1 2
+2 2
+2 2
+1 2
+2 2
+6 16
+4 16
+12 2
+2 2
+1 2
+26 2
+1 2
+3 2
+1 2
+1 2
+5 2
+2 2
+1 2
+1 2
+1 2
+2 2
+1 2
+1 2
+1 2
+2 2
+1 2
+2 2
+22 2
+2 2
+2 1
+7 1

fl=(7) /build/glibc-Qz8a69/glibc-2.23/elf/../elf/dl-sysdep.c
fn=(202) _dl_sysdep_start_cleanup
256 1

fn=(12) _dl_sysdep_start
86 8
+25 1
-1 1
+1 249
+6 1
-3 1
+1 1
-4 1
+3 1
+3 4
+1 2
-1 25
+1 105
-1 102
+62 1
+1 1
-1 1
+1 1
-29 1
+1 2
+11 1
+1 1
-1 1
+1 1
-7 1
+1 1
-1 1
+1 1
-4 1
+1 2
-25 1
+1 2
-4 1
+1 2
-7 1
+1 1
+2 1
+1 1
fi=(9) /build/glibc-Qz8a69/glibc-2.23/elf/../sysdeps/unix/sysv/linux/dl-sysdep.c
-90 2
cfi=(10) /build/glibc-Qz8a69/glibc-2.23/elf/../sysdeps/unix/sysv/linux/x86_64/brk.c
cfn=(18) brk
calls=1 -4 
* 11
fi=(5) /build/glibc-Qz8a69/glibc-2.23/elf/../sysdeps/x86_64/dl-machine.h
223 5
fi=(8) /build/glibc-Qz8a69/glibc-2.23/elf/../sysdeps/x86/cpu-features.c
61 2
+3 1
-3 1
+3 9
175 3
+1 1
+3 2
+1 1
+2 2
+1 7
+7 3
+4 2
+2 4
+51 2
fe=(7)
-16 1
fi=(8)
+27 1
+1 1
+1 1
fe=(7)
-29 1
+1 1
cfi=(11)
cfn=(22)
calls=1 66 
* 32
* 1
+2 2
cfi=(12) /build/glibc-Qz8a69/glibc-2.23/elf/../misc/sbrk.c
cfn=(24) sbrk
calls=1 34 
* 17
* 3
+12 3
+3 5
cfi=(2)
cfn=(26) dl_main
calls=1 738 
* 89902
+1 1
+1 8
fi=(8)
-4 2
+1 2
+4 2
-52 2
+1 1
+6 3
+2 1
+3 3
+16 2
+1 1
+2 2
29 2
+4 1
-4 1
+5 1
-1 1
+2 1
-1 1
+1 1
-2 1
+1 1
+1 1
+1 1
-7 2
+3 1
+4 1
+5 1
+32 2
-32 1
+27 1
+5 1
+3 1
+1 8
+57 2
-66 2
+44 2
248 2
+3 2
fe=(7)

fl=(22)
fn=(64) _dl_init_paths
661 1
+13 2
-13 8
+13 3
cfi=(23) /build/glibc-Qz8a69/glibc-2.23/elf/dl-hwcaps.c
cfn=(66) _dl_important_hwcaps
calls=1 39 
* 398
+5 1
-5 1
+5 1
cfi=(17)
cfn=(40)
calls=1 94 
* 29
* 1
+1 1
-2 1
+2 2
+8 1
-1 1
+1 2
-1 1
+1 1
-1 3
+5 1
-5 1
+5 1
cfi=(17)
cfn=(40)
calls=1 94 
* 80
* 1
+2 1
-3 1
+3 1
+17 1
+12 1
-9 2
+6 1
-19 1
+10 1
+12 1
-11 1
+2 1
+1 4
-15 1
+23 4
-3 21
cfi=(27)
cfn=(74)
calls=4 53 
* 60
* 4
+3 27
-14 3
+2 3
+1 3
+2 6
-3 3
+4 9
+4 3
-3 3
+3 3
+1 3
-4 9
+4 3
+10 1
+4 1
-11 1
+6 1
+6 1
-12 1
+12 1
+2 4
+2 3
+38 5
+8 3
cfi=(28)
cfn=(76)
calls=1 24 
* 23
* 2
+2 2
cfi=(11)
cfn=(22)
calls=1 66 
* 16
* 8
cfi=(18)
cfn=(46)
calls=1 61 
* 31
* 1
+4 6
+17 1
-4 4
-13 52
+17 13
-4 53
+8 1
cfi=(17)
cfn=(40)
calls=1 94 
* 29
* 1
+1 1
-2 1
+2 1
+6 9
cfn=(78) fillin_rpath
calls=1 433 
* 605
+4 5
+6 1
+4 8
-75 1
-2 1
+2 2
+14 2

fn=(78)
433 8
+2 1
-2 9
+5 1
cfi=(17)
cfn=(80)
calls=1 -84 
* 238
* 4
-66 3
cfi=(28)
cfn=(76)
calls=1 24 
* 23
* 2
+4 2
cfi=(29)
cfn=(82)
calls=1 40 
* 94
* 1
+68 2
cfi=(11)
cfn=(22)
calls=1 66 
* 16
+4 1
-4 1
+4 1
+22 15
+1 8
+55 2
+2 2
cob=(2)
cfi=(16)
cfn=(84)
calls=1 0 
* 7
* 2
-90 1
cfi=(17)
cfn=(80)
calls=1 -84 
* 6
* 3
+94 1
+3 9
-46 2
+4 2
-1 4
cfi=(17)
cfn=(40)
calls=1 94 
* 29
* 1
+3 1
-3 1
+3 2
+5 1
+1 2
-2 1
+2 1
cfi=(25)
cfn=(70)
calls=1 61 
* 31
+3 1
-3 1
+1 1
+2 1
+6 2
+1 1
-1 2
+1 13
+1 11
-1 2
+3 2
+1 3
+7 1
+1 1
-1 2
-67 6
+8 1
-3 3
+3 2
+26 2
-34 2
+65 2
-9 2

fn=(114) _dl_map_object_from_fd
871 22
+10 2
-10 2
+10 2
-10 6
+10 2
cfi=(30)
cfn=(88)
calls=2 50 
* 16
fi=(35) /build/glibc-Qz8a69/glibc-2.23/elf/../sysdeps/posix/dl-fileid.h
37 6
fe=(22)
881 2
fi=(35)
37 2
cfi=(36)
cfn=(120)
calls=2 -3 
* 20
* 4
+4 2
fe=(22)
897 2
fi=(35)
40 2
+1 2
fe=(22)
897 29
+1 10
fi=(35)
49 12
fe=(22)
1443 16
915 4
+24 4
+10 4
+22 8
+32 4
882 2
1006 14
cfi=(15)
cfn=(32)
calls=2 61 
* 831
+1 2
-1 2
+1 2
+11 4
+1 2
-1 2
+2 2
-1 2
+4 2
-1 4
-2 2
+2 4
+1 6
+1 2
+19 2
-2 2
+10 2
-8 12
+8 2
-8 6
+8 2
+87 2
+8 2
-8 8
+8 2
-8 6
-86 32
-1 136
+1 95
+6 4
+1 6
+1 2
+9 20
+5 32
+9 12
-1 12
+1 4
+1 8
+2 4
-2 4
+1 4
-1 4
+3 4
+4 4
-7 4
+2 4
+1 4
+4 4
+1 12
+4 6
-14 2
+14 12
+11 2
-11 6
-14 2
+14 12
+11 2
-44 2
+1 1
+46 3
+4 1
+1 1
+1 1
-1 2
+1 1
+3 3
+1 1
+3 1
-3 1
+7 4
+6 1
cfi=(31) /build/glibc-Qz8a69/glibc-2.23/elf/dl-tls.c
cfn=(146) _dl_next_tls_modid
calls=1 49 
* 8
* 2
+1 1
+59 4
+1 6
+1 2
-6 4
+1 2
+8 6
1019 2
1207 2
1019 2
1207 2
+10 6
fi=(37) /build/glibc-Qz8a69/glibc-2.23/elf/./dl-map-segments.h
56 4
fe=(22)
1217 6
fi=(37)
56 2
fe=(22)
1217 2
fi=(37)
56 2
fe=(22)
1217 4
fi=(37)
56 12
cfi=(26)
cfn=(72)
calls=2 -23 
* 70
+4 2
-4 2
+4 4
+3 4
+1 2
+2 2
-2 2
-1 2
+3 2
+10 4
fi=(39) /build/glibc-Qz8a69/glibc-2.23/elf/./dl-load.h
+14 8
+1 6
+2 8
fi=(37)
+7 16
+6 2
+2 2
-2 2
+1 2
+2 2
-1 2
+1 2
-1 6
+8 4
+17 4
+12 4
-59 20
+2 4
+2 2
-2 4
+2 20
cfi=(26)
cfn=(72)
calls=2 -57 
* 62
* 6
fe=(22)
1229 8
+9 4
fi=(3) /build/glibc-Qz8a69/glibc-2.23/elf/get-dynamic-info.h
39 2
fe=(22)
1238 2
fi=(3)
39 2
+6 2
-2 2
+2 4
+15 2
+5 2
+3 2
-1 2
-3 2
-3 36
+10 8
-26 24
+16 35
+10 35
-26 105
+26 2
-26 6
+2 90
+13 40
+2 8
+3 8
+13 4
+20 7
+1 8
+1 8
+1 8
+2 8
+5 8
+1 7
+1 8
+6 6
+5 4
+7 4
+1 6
+16 6
+5 1
+2 1
-2 1
+2 1
+2 2
+2 2
+3 6
+10 1
-8 4
+8 1
+5 2
+3 4
fe=(22)
1245 4
+15 6
+19 4
+2 10
+54 6
+1 2
+3 2
cfi=(24)
cfn=(130)
calls=1 84 
* 5
* 2
cfi=(24)
cfn=(130)
calls=1 84 
* 5
* 4
+9 4
+2 6
+2 2
-2 2
+2 2
+16 4
cfi=(6)
cfn=(10)
calls=2 956 
* 46
+4 4
+1 4
+17 4
+9 2
-5 6
+5 2
+10 4
+10 6
cfi=(15)
cfn=(48)
calls=2 32 
* 82
+4 8
fi=(3)
68 8
+2 10
fe=(22)
1391 2
fi=(37)
119 4
+8 16
cfi=(27)
cfn=(74)
calls=2 -74 
* 283
* 8
-54 8
-1 12
cfi=(38)
cfn=(124)
calls=2 +12 
* 10
* 2
fi=(39)
+22 5
+1 11
+3 4
fi=(37)
+39 9
cfi=(26)
cfn=(72)
calls=1 33 
* 31
+3 3
fe=(22)
1233 2

fn=(136) open_path
2018 8
+1 1
+6 1
-6 1
+6 1
+5 9
+52 1
-59 1
-1 1
+60 1
-52 8
+74 4
-62 1
-9 1
+9 1
+7 4
cfi=(25)
cfn=(70)
calls=1 61 
* 31
+1 1
-1 1
+1 5
+20 8
-20 15
+3 8
+5 8
-1 4
+1 8
-1 12
cfi=(25)
cfn=(70)
calls=4 61 
* 85
* 16
cfi=(25)
cfn=(70)
calls=4 61 
* 92
-1 4
+7 4
-7 4
+7 4
+3 36
cfn=(108) open_verify.constprop.7
calls=4 1695 
* 176
* 4
+2 20
+67 7
+7 1
-2 1
+2 3
+3 3
+14 1
-27 1
+27 7
-84 8
+1 36
+6 4
+2 4
-2 4
+2 8
-2 4
+2 4
cfi=(41) /build/glibc-Qz8a69/glibc-2.23/io/../sysdeps/unix/sysv/linux/wordsize-64/xstat.c
cfn=(138) _xstat
calls=4 34 
* 49
* 8
+1 1
+2 1
-2 1
+2 7
+7 3
-7 3
+7 9
-30 3
+23 6

fn=(108)
1695 66
+39 6
-39 18
+39 22
+31 24
cfi=(24)
cfn=(110)
calls=6 84 
* 46
+2 6
-2 6
+2 8
+10 2
+1 4
+5 16
cfi=(24)
cfn=(112) read
calls=2 84 
* 10
+2 4
+2 2
+2 2
-2 4
+2 2
+6 4
+16 8
cfi=(14)
cfn=(30)
calls=2 24 
* 57
* 18
cfi=(14)
cfn=(30)
calls=2 24 
* 72
* 4
+74 4
+5 4
+2 8
+6 4
+11 4
+6 2
+1 2
-1 8
+1 2
-1 2
+1 4
+1 6
+20 106
+2 36
+4 8
+1 6
+12 14
+4 6
+5 1
+1 1
-13 4
cfi=(14)
cfn=(30)
calls=1 24 
* 25
* 8
cfi=(14)
cfn=(30)
calls=2 24 
* 60
* 6
+16 2
+3 7
+3 3
+1 5
-39 2
+67 20
-23 4
+23 28
1804 2
+7 4
cfi=(14)
cfn=(30)
calls=1 24 
* 24
* 2

fn=(104)
2167 21
+8 3
-8 6
+8 3
+1 12
+3 42
+5 49
+2 21
cfi=(34)
cfn=(106)
calls=7 288 
* 920
* 14
+4 12
+1 18
+3 2
+2 8
cfi=(19)
cfn=(54)
calls=2 144 
* 48
* 4
2478 24
2213 10
+9 2
-53 2
+53 4
+36 4
-2 2
+2 2
cfi=(28)
cfn=(76)
calls=2 24 
* 46
* 4
2409 2
372 3
cfi=(28)
cfn=(76)
calls=1 24 
* 47
* 2
+4 2
cfi=(29)
cfn=(82)
calls=1 40 
* 128
2410 1
-3 1
+3 2
+4 9
cfn=(108)
calls=1 1695 
* 299
+3 1
-3 1
+3 3
+12 3
+46 1
+1 3
-1 1
+1 9
cfn=(114)
calls=1 871 
* 1444
-1 1
+1 3
-1 1
+1 9
cfn=(114)
calls=1 871 
* 1738
* 6
2262 2
cfi=(11)
cfn=(22)
calls=1 66 
* 16
* 1
+2 1
-2 1
+2 1
+7 4
+35 2
+1 14
cfn=(136)
calls=1 2018 
* 777
+6 2
-6 1
+6 3
638 1
2314 1
638 2
2401 2
+28 3
+2 4
2275 1
+5 1
-5 1
+5 1
+3 2
-3 1
+3 7
-3 3
638 1
2281 1
638 2
2336 1
-14 1
+14 1
+2 3
+4 2
cfi=(42)
cfn=(140)
calls=1 185 
* 1585
+2 1
-2 1
+2 1
+4 2
+8 3
+23 10
cfn=(108)
calls=1 1695 
* 370
+4 1
-4 1
+4 3
+1 2
-89 3
+1 8
638 1
2297 1
638 2

fl=(33) /build/glibc-Qz8a69/glibc-2.23/setjmp/../sysdeps/x86_64/setjmp.S
fn=(100) __sigsetjmp
26 3
+9 3
+1 6
+1 3
+4 3
+1 3
+1 3
+1 3
+1 3
+2 6
+2 3
+1 3
+1 3
+2 6
+2 3
+4 3
+1 3

fl=(29)
fn=(82)
40 12
+1 3
cfi=(11)
cfn=(22)
calls=3 +25 
* 84
* 3
+1 6
cfi=(17)
cfn=(40)
calls=3 +52 
* 87
* 3
+2 6
+4 3
-1 6
+1 6
-1 6
cfi=(18)
cfn=(46)
calls=3 +14 
* 106

fl=(18)
fn=(46)
61 17
+2 17
+2 17
+3 15
+1 15
+2 4
+1 4
+2 4
+1 4
+5 4
+1 4
-1 11
+1 11
+2 4
+1 4
+2 4
+1 8
+5 4
+1 4
-1 11
+1 11
+2 4
+1 4
+2 4
+1 4
+5 4
+1 4
-1 11
+1 11
+2 10
+1 10
+2 10
+1 10
+5 10
+1 10
-1 5
+1 10
+5 5
+1 5
+1 5
+1 5
+2 5
+2 5
+1 5
+2 5
+8 15
+8 6
+6 6
+2 6
+1 6
+3 2
+1 6
+5 2
+1 2
+2 2
+2 2
+1 2
+2 2
-8 3
+1 3
+2 3
+2 3
+1 3
+2 7
+9 2
+1 2
-1 4
+1 4
+3 6
+1 6
+1 6
+5 5
+2 5
+1 5
+1 5
+1 5
+2 5
+1 5
+1 5
+1 5
+2 5
+1 5
+2 5
+22 6
+6 6
+1 6
+2 2

fl=(43) /build/glibc-Qz8a69/glibc-2.23/elf/dl-version.c
fn=(156) match_symbol
76 44
+9 4
-8 4
-1 8
+1 4
+8 4
+6 12
+15 4
+1 8
+2 4
+5 8
+14 36
+12 42
+4 14
-30 28
+19 20
cfi=(19)
cfn=(54)
calls=4 +11 
* 96
* 8
+35 32

fn=(154) _dl_check_map_versions
189 12
-15 36
+17 4
+3 12
-3 4
+2 4
+1 4
+2 4
-3 4
+3 4
+3 4
+4 2
-4 2
+4 8
+17 2
56 4
220 2
56 10
+1 5
-1 10
+2 21
cfi=(34)
cfn=(106)
calls=7 288 
* 745
* 16
228 6
+5 16
+19 2
-15 62
cfn=(156)
calls=2 76 
* 198
* 8
cfn=(156)
calls=2 76 
* 182
* 4
+7 24
+3 12
+9 12
+14 4
+3 8
+10 28
-7 112
+3 84
-3 8
+3 6
+8 9
+87 8
-81 12
cfi=(17)
cfn=(36)
calls=3 103 
* 165
* 3
+1 3
-2 3
+2 3
+11 3
+2 3
-5 3
+3 3
+2 3
-2 3
+2 3
+3 8
+4 6
+18 2
-15 6
+2 6
-2 6
+2 6
+2 4
+1 4
-1 8
+1 4
-1 4
+1 4
+1 4
-2 4
+2 8
+1 12
+3 12
+8 6
+10 9
+3 8
+20 28
-14 60
-2 28
+7 56
+1 28
-1 84
+1 28
-1 28
+1 28
+1 28
+3 90
+10 27
183 2
-8 2
+95 4
-80 2

fn=(152) _dl_check_all_versions
380 5
+4 7
+2 28
cfn=(154)
calls=4 189 
* 2576
-2 4
+2 12
-1 4
-1 8
+5 7

fl=(14)
fn=(30)
24 13
+1 13
+1 13
+1 13
+1 13
+1 13
+1 13
+1 13
+3 13
+1 13
+1 5
+1 5
+1 5
+1 5
+1 5
+1 5
+1 5
+2 12
+1 12
+1 4
+1 4
+1 4
+1 4
+1 4
+1 4
+1 4
+2 12
+1 12
+1 5
+1 5
+1 5
+1 5
+1 2
+1 2
+1 2
+2 9
+1 9
+1 5
+1 5
+1 5
+1 5
+5 4
+1 4
+1 4
+1 4
+1 4
+1 4
+1 4
+1 2
+1 2
+1 2
+1 2
+1 2
+7 2
+2 3
+4 8
+1 8
+1 1
+1 1
+1 1
+1 1
+1 1
+1 1
+1 1
+1 1
+1 1
+1 1
+1 1
+4 9
+1 9

fl=(41)
fn=(138)
34 4
-1 4
+1 4
+1 24
+4 1
-4 12

fl=(23)
fn=(66)
39 6
+3 1
-3 2
+3 1
-1 1
+1 1
+9 1
-12 4
+12 2
+10 4
162 2
-47 3
cfi=(24)
cfn=(68)
calls=1 -31 
* 9
* 2
+55 3
+2 2
+1 5
+4 2
+4 1
-4 1
+1 1
+3 1
+3 1
+1 1
-1 1
+4 3
+1 1
-1 9
+1 1
+18 10
+1 2
-1 1
+1 3
cfi=(17)
cfn=(40)
calls=1 94 
* 29
* 1
+1 1
-1 1
+1 5
+29 1
+3 1
-3 2
+3 1
+23 7
+6 2
-1 2
+1 6
-1 8
+5 6
+3 1
-3 1
+3 1
-3 3
+3 1
-3 1
+3 5
+1 12
+1 4
-1 4
+1 8
-2 4
+1 8
-1 14
+4 4
+4 1
-1 1
+2 1
-2 1
+1 1
+1 1
-2 1
+2 10
+13 2
+1 1
-1 1
+3 2
-3 2
+1 1
-1 1
+3 2
+3 4
+3 1
-1 1
+1 9
113 1
+17 1
+1 1
-1 9
243 6
cfi=(25)
cfn=(70)
calls=1 61 
* 22
* 4
cfi=(25)
cfn=(70)
calls=1 61 
* 18
+1 4
cfi=(25)
cfn=(70)
calls=1 61 
* 22
* 4
cfi=(25)
cfn=(70)
calls=1 61 
* 18
* 12

fl=(19)
fn=(54)
144 277
+1 277
+2 277
+1 277
+21 277
+1 277
+1 208
+1 208
+1 200
+1 200
+1 200
+1 200
+21 200
+1 200
+1 200
+1 200
+1 200
+1 200
+1 200
+5 5
+1 5
+9 5
+1 5
+1 5
+1 5
+1 5
+1 5
+1 5
+1 5
-7 77
+1 77
+1 77
+1 77
+1 77
+1 77
+1 77
+1 77
+1 79
+1 28
+1 28
+1 28
+2 28
+1 28
+1 28
+1 28
+1 28
+1 28
-5 51
+1 51
+1 51
+1 51
+1 51
+1 51
+10 3
+1 3
+1 3
+2 3
+6 3
+1 3
+1 3
+1 3
+1 3
+5 3
+2 1
+1 1
+1 2
+8 1
+1 1
+3 1
+1 1
+1 1
+1 1
+1 1
+1 1
946 1
+1 1
+1 1
+1 1
+1 1
+2 1
+1 1
+1 1
+1 1
+1 1
+1 1
+1 1
+1 1
+4 1
+1 1
+1 1
+6 1
+1 1
+1 2
+4 1
+1 1
+3 1
+1 1
+1 1
+3 1
+1 1
+1 1
+6 1
+1 1
+1 1
+1 1
+1 1
+1 1
+72 1
+1 1
+1 1
+1 1
+1 1
+2 1
+1 1
+1 1
+1 1
+1 1
+1 1
+1 1
1196 4
+1 4
+1 4
+1 4
+1 4
+2 4
+1 4
+1 4
+1 4
+1 4
+1 4
+1 4
1321 60
+1 60
+1 60
+1 60
+1 60
+2 60
+1 60
+1 60
+1 60
+1 60
+1 60
+1 60
1571 2
+1 2
+1 2
+1 2
+1 2
+2 2
+1 2
+1 2
+1 2
+1 2
+1 2
+1 2
+1 1
+4 1
+1 1
+1 1
+6 1
+1 1
+1 2
+4 1
+1 1
+3 1
+1 1
+1 1
+3 1
+1 1
+1 1
+6 1
+1 1
+1 1
+1 1
+1 1
+1 1
+72 3
+1 3
+1 3
+1 3
+1 3
+2 3
+1 3
+1 3
+1 3
+1 3
+1 3
+1 3
+1 2
+4 2
+1 2
+1 2
+6 2
+1 2
+1 4
+4 2
+1 2
+3 2
+1 2
+1 2
+3 2
+1 2
+1 2
+6 2
+1 2
+1 2
+1 2
+1 2
+1 2
+72 4
+1 4
+1 4
+1 4
+1 4
+2 4
+1 4
+1 4
+1 4
+1 4
+1 4
+1 4
+1 4
+4 4
+1 4
+1 4
+6 4
+1 4
+1 8
+4 4
+1 4
+3 4
+1 4
+1 4
+3 4
+1 4
+1 4
+6 4
+1 4
+1 4
+1 4
+1 4
+1 4
+72 1
+1 1
+1 1
+1 1
+1 1
+2 1
+1 1
+1 1
+1 1
+1 1
+1 1
+1 1
+1 1
+4 1
+1 1
+1 1
+6 1
+1 1
+1 2
+4 1
+1 1
+3 1
+1 1
+1 1
+3 1
+1 1
+1 1
+6 1
+1 1
+1 1
+1 1
+1 1
+1 1
+72 3
+1 3
+1 3
+1 3
+1 3
+2 3
+1 3
+1 3
+1 3
+1 3
+1 3
+1 3
+2 2
+4 2
+1 2
+1 2
+6 2
+1 2
+2 4
+4 2
+1 2
+3 2
+1 2
+1 2
+3 2
+1 2
+1 2
+6 2
+1 2
+1 2
+1 2
+1 2
+1 2
+74 12
+2 12
+1 12
+1 12
+1 12
-3 70
+1 70
+1 70
+1 70
+1 84
+5 28
+6 28
+1 28
+8 28
+1 28
-16 249
+6 249
+1 249
+8 249
+1 249

fl=(66) /build/glibc-Qz8a69/glibc-2.23/elf/../elf/dl-runtime.c
fn=(260) _dl_fixup
66 38
+5 38
-5 19
+3 38
+3 19
-1 38
-3 19
+5 114
+1 19
-1 19
+1 38
+5 38
+4 38
+4 57
+4 19
+1 95
+2 76
+7 38
-1 19
+1 19
+10 171
cfi=(6)
cfn=(170)
calls=19 806 
* 14250
* 19
+4 95
+10 114
+16 19
-8 19
+8 57
+4 57
fi=(5)
+90 19
fe=(66)
-86 57
fi=(87) /build/glibc-Qz8a69/glibc-2.23/elf/../sysdeps/x86_64/dl-irel.h
32 3
cob=(3) /lib/x86_64-linux-gnu/libc-2.23.so
cfi=(45) /build/glibc-Qz8a69/glibc-2.23/string/../sysdeps/x86_64/multiarch/strcmp.S
cfn=(520) strcmp
calls=1 +55 
* 5
cob=(3)
cfi=(96) /build/glibc-Qz8a69/glibc-2.23/string/../sysdeps/x86_64/multiarch/strcpy.S
cfn=(512) strncpy
calls=1 +32 
* 5
cob=(3)
cfi=(88) /build/glibc-Qz8a69/glibc-2.23/string/../sysdeps/x86_64/multiarch/memset.S
cfn=(402) memset
calls=1 -4 
* 8
* 3
fe=(66)

fl=(24)
fn=(130)
84 12
+1 3

fn=(110)
84 28
+1 3
+1 20

fn=(112)
84 8
+1 2

fn=(68)
84 12
+2 15

fl=(32)
fn=(96)
163 6
+15 3
-3 6
+1 6
-13 6
+14 6
+1 3
+2 3
cfi=(2)
cfn=(98) _dl_initial_error_catch_tsd
calls=3 648 
* 6
+2 3
-1 3
+4 3
-3 6
+3 3
-4 3
+4 3
cfi=(33)
cfn=(100)
calls=3 26 
* 60
* 9
+2 9
cfi=(40)
cfn=(134)
calls=2 60 
* 5541
cfi=(2)
cfn=(102) map_doit
calls=1 480 
* 2372
+1 6
+2 3
+1 3
-3 3
+1 6
+1 3
+9 3
-8 3
+8 9

fn=(148) _dl_receive_error
205 10
+1 1
cfi=(2)
cfn=(98)
calls=1 648 
* 2
+5 1
-1 1
-4 1
+9 1
+2 1
-3 1
+3 1
cfi=(2)
cfn=(150) version_check_doit
calls=1 513 
* 2661
+2 1
+1 1
+1 8

fl=(26)
fn=(72)
33 9
-1 90
+1 23
+1 90
+2 63
-3 20

fl=(9)
fn=(60) _dl_discover_osversion
45 7
+2 3
+85 8
-45 3
cfi=(21) /build/glibc-Qz8a69/glibc-2.23/posix/../sysdeps/unix/syscall-template.S
cfn=(62) uname
calls=1 -3 
* 5
* 1
+15 1
-15 1
+20 1
-1 1
+3 12
+4 3
-2 6
+2 9
+7 3
-1 3
+4 3
-2 3
+2 10
+5 2

fl=(12)
fn=(24)
34 4
+8 6
+4 2
+16 5

fl=(53)
fn=(210)
80 11
+1 1
+1 1
+3 3
+8 2
+1 2
+25 15
+1 12
-90 20
cfn=(212) call_init.part.0
calls=3 -2 
* 1450
* 3
+96 8
-96 2
+58 2
+16 1
cfn=(212)
calls=1 -76 
* 76
* 1

fn=(212)
28 20
+8 4
+3 4
-3 8
+3 12
+5 21
+5 4
+9 12
cob=(3)
cfi=(55) /build/glibc-Qz8a69/glibc-2.23/csu/../csu/init-first.c
cfn=(226) _init
calls=1 -6 
* 176
cob=(2)
cfi=(16)
cfn=(214)
calls=1 -58 
* 6
* 2
+4 4
+6 2
+2 4
-2 4
+3 10
+1 8
cob=(3)
cfi=(61) /build/glibc-Qz8a69/glibc-2.23/string/../sysdeps/x86_64/cacheinfo.c
cfn=(238) init_cacheinfo
calls=1 482 
* 1161
cob=(4) /usr/lib/valgrind/vgpreload_core-amd64-linux.so
cfi=(54) ???
cfn=(218) 0x0000000000000650
calls=1 -72 
* 17
* 4
cob=(3)
cfi=(63) /build/glibc-Qz8a69/glibc-2.23/elf/dl-altinit.c
cfn=(246) dlinit_alt
calls=1 -39 
* 4
* 3
-1 6
+3 24
-29 3
-5 3

fl=(28)
fn=(76)
24 7
+1 7
+1 7
+1 7
+1 7
+1 7
+1 7
+1 7
+1 7
+1 7
+1 7
+1 7
+1 7
+1 7
+1 7
+1 7
+1 7
+1 5
+4 5
+1 5
+1 5
+1 5
+2 5
+4 2
+1 2
+1 2
+1 2
+1 2
+1 2
+1 2
+1 2
+1 2
+1 2
+1 2
+1 2
+1 2
+1 2
+1 2
+1 2
+1 2
+1 2
+1 2
+1 2
+1 2
+1 2
+1 2
+1 2
+52 2
+4 2
+1 2
+1 2
+1 2
+2 2

fl=(13) /build/glibc-Qz8a69/glibc-2.23/elf/dl-environ.c
fn=(28) _dl_next_ld_env_entry
30 3
+3 10
+13 78
-13 234
+2 160
+1 38
+5 2
-3 2
+3 2
+2 2
-12 1
+19 1

fl=(2)
fn=(50)
688 8

fn=(102)
480 1
+2 1
-2 1
+3 8
cfi=(22)
cfn=(104)
calls=1 2167 
* 2358
* 1
+2 2

fn=(158) init_tls
573 1
+6 1
-6 1
+2 2
+4 1
+10 4
cfi=(17)
cfn=(36)
calls=1 103 
* 38
* 1
+11 1
-5 1
-7 1
+6 1
+2 1
-1 1
+5 1
+2 1
-1 1
+1 10
+2 8
+4 1
+2 1
-2 2
-5 8
+9 3
+3 1
cfi=(31)
cfn=(160) _dl_determine_tlsoffset
calls=1 138 
* 71
+7 1
cfi=(31)
cfn=(162) _dl_allocate_tls_storage
calls=1 354 
* 439
+1 1
-1 1
+1 1
+6 1
+3 1
-3 1
+3 6
+3 1
+2 1
+1 2

fn=(94) do_preload
654 4
+12 1
-12 2
+10 1
-4 1
+1 1
+5 4
-10 1
+6 1
+4 1
cfi=(32)
cfn=(96)
calls=1 163 
* 2434
+1 3
+10 3
+4 5

fn=(52)
694 8

fn=(26)
738 1
+19 1
-19 7
2353 1
738 3
+19 1
+3 1
-22 1
2348 1
760 1
+4 2
+1 2
+5 2
2346 2
+7 4
-4 1
+4 8
+2 2
cfi=(13)
cfn=(28)
calls=1 30 
* 98
* 4
cfi=(13)
cfn=(28)
calls=2 30 
* 435
* 9
+4 50
+1 19
-1 57
+3 4
+6 14
2514 3
+30 3
780 3
981 7
cfi=(15)
cfn=(32)
calls=1 61 
* 250
+2 1
-2 1
+2 1
+1 1
+1 1
+5 2
-5 1
+1 2
+4 1
cfi=(15)
cfn=(48)
calls=1 32 
* 33
+1 3
747 1
1020 1
-3 1
-5 1
+1 1
+2 1
+5 7
+56 5
-55 24
-1 27
+1 47
1123 5
+3 2
+2 2
+2 3
+13 3
+1 6
cfi=(19)
cfn=(54)
calls=1 144 
* 44
* 2
+7 1
+3 1
-5 1
+3 1
+2 1
+1 2
+4 2
+2 2
fi=(3)
30 1
+9 2
+6 1
-2 1
+2 2
+15 1
+5 1
+3 1
+2 1
-3 1
-3 1
-3 14
+10 3
-26 9
+16 19
+10 19
-26 57
+26 1
-26 3
+2 46
+13 16
+2 4
+16 3
+38 3
+5 2
+7 2
+1 3
+16 3
+14 3
+18 2
fe=(2)
1166 2
cfi=(6)
cfn=(10)
calls=1 956 
* 23
+3 2
fi=(20) /build/glibc-Qz8a69/glibc-2.23/elf/setup-vdso.h
24 2
fe=(2)
1191 1
cfi=(9)
cfn=(60)
calls=1 45 
* 85
* 8
-75 2
+1 2
+1 1
-6 2
+1 1
-88 3
+1 1
+50 2
-1 8
+2 4
+1 1
+3 2
+1 2
-1 2
+1 2
+1 2
+1 6
+1 2
-43 1
-2 2
+27 1
-25 2
+7 1
-10 1
+10 1
-19 3
+1 1
fi=(3)
65 4
+3 4
+2 4
fe=(2)
2442 4
cfi=(14)
cfn=(30)
calls=1 24 
* 31
* 2
+2 3
-55 4
cfi=(14)
cfn=(30)
calls=1 24 
* 18
* 2
+7 4
cfi=(14)
cfn=(30)
calls=1 24 
* 36
* 2
+2 3
1185 3
+11 2
cfi=(22)
cfn=(64)
calls=1 661 
* 1629
+3 3
cfi=(30)
cfn=(88)
calls=1 50 
* 17
+7 1
-7 1
+2 1
+5 1
+3 3
+1 1
+3 1
-3 3
+1 2
+3 1
+5 1
-7 1
+7 1
+1 5
+17 2
+1 2
+5 1
-3 4
+2 2
+1 3
+5 3
+1 5
+2 2
+1 2
+5 2
+5 1
753 1
1262 2
1439 1
cfi=(31)
cfn=(90) _dl_count_modids
calls=1 115 
* 4
* 1
+8 3
+3 1
+4 3
+5 1
+1 1
cfi=(30)
cfn=(92)
calls=1 74 
* 1
+1 1
+4 3
+15 3
+4 1
-2 1
+2 2
+31 3
cfi=(24)
cfn=(68)
calls=1 84 
* 9
* 2
+77 1
1481 1
1592 3
+17 3
+1 1
-1 1
+1 2
-1 1
+1 5
cfi=(40)
cfn=(132)
calls=1 161 
* 7061
+1 1
+2 2
+3 1
-3 3
+3 1
-3 1
+3 3
+1 4
-1 2
+1 12
-1 6
+4 3
+1 3
+1 1
+2 2
+1 6
-1 5
+1 5
-1 3
-28 5
+1 1
-1 3
+4 3
+1 1
+1 2
+1 3
+34 1
+1 2
-1 1
+1 1
+2 1
+2 3
+2 1
-4 1
+5 1
-1 2
+14 2
+1 2
+1 3
+11 1
+2 1
-2 1
+2 2
-1 1
+1 1
-2 3
+2 1
cfi=(32)
cfn=(148)
calls=1 205 
* 2691
+10 1
+1 1
-1 1
+1 1
+1 1
cfn=(158)
calls=1 573 
* 619
* 1
+2 2
703 1
+2 3
fi=(101) /build/glibc-Qz8a69/glibc-2.23/elf/../sysdeps/unix/sysv/linux/dl-osinfo.h
77 1
fe=(2)
714 1
+7 1
-5 1
1692 3
1922 3
2092 4
+2 1
+5 3
cfi=(31)
cfn=(200) _dl_allocate_tls_init
calls=1 450 
* 147
+3 2
+9 3
+2 2
+15 1
+2 1
-2 2
+3 1
-3 1
+3 1
-3 1
+3 3
cfi=(44) /build/glibc-Qz8a69/glibc-2.23/elf/dl-reloc.c
cfn=(164) _dl_relocate_object
calls=1 149 
* 3984
+1 1
+2 6
+8 1
cfi=(7)
cfn=(202)
calls=1 256 
* 1
+4 3
+20 3
cfi=(30)
cfn=(88)
calls=1 50 
* 8
+1 1
-1 1
+2 1
cfi=(30)
cfn=(92)
calls=1 74 
* 1
+1 1
+4 1
cfi=(42)
cfn=(204)
calls=1 322 
* 15
+5 8
2043 3
+7 1
+2 3
+19 1
-19 4
+2 1
+2 12
+5 8
+2 8
+6 4
+2 8
+1 24
cfi=(44)
cfn=(164)
calls=3 149 
* 68120
+4 14
-22 10
+25 1
+2 5
+6 1
-6 1
+6 1
-10 2
cfi=(31)
cfn=(198) _dl_add_to_slotinfo
calls=1 890 
* 20
* 1
-12 1
+1 1
-3 2
-85 1
+11 1
-7 1
-4 1
+4 3
+4 2
+3 1
1491 2
cfi=(11)
cfn=(22)
calls=1 66 
* 34
* 8
cfi=(18)
cfn=(46)
calls=1 61 
* 69
* 1
+3 6
+3 3
cfi=(17)
cfn=(80)
calls=1 354 
* 766
* 3
cfi=(17)
cfn=(80)
calls=1 354 
* 6
* 6
+1 2
+1 3
+2 4
cfn=(94)
calls=1 654 
* 2462
* 2
1635 2
1503 1
+2 6

fn=(150)
513 2
+2 4
cfi=(43)
cfn=(152)
calls=1 380 
* 2651
* 2
+4 2

fn=(98)
648 8

fn=(2)
337 9
+18 4
fi=(5)
59 1
fe=(2)
355 1
fi=(3)
45 1
fi=(5)
+14 2
fe=(2)
381 1
fi=(3)
45 1
fe=(2)
378 1
fi=(3)
45 1
+25 2
-3 1
-7 1
+5 1
+3 1
+2 1
-3 1
-3 1
-3 2
-13 26
+23 13
-26 39
+26 1
-26 3
+2 36
+13 20
+1 16
+10 4
-26 12
+33 2
+20 4
+1 4
+1 4
+1 4
+2 4
+5 4
+1 4
+1 4
+6 3
+5 2
+7 3
+1 3
+8 3
+2 3
+3 2
+1 2
fe=(2)
392 2
286 1
399 1
286 1
cfi=(6)
cfn=(10)
calls=1 956 
* 23
+1 2
+1 2
+1 2
+1 2
+8 1
+9 1
-9 3
+9 1
-6 1
-3 1
+9 1
cfi=(7)
cfn=(12)
calls=1 86 
* 90631
* 1
+9 1
+3 4
+4 1
-4 1
+4 1
424 9
fi=(3)
62 4
+3 4
fe=(2)
397 26
fi=(4) /build/glibc-Qz8a69/glibc-2.23/elf/do-rel.h
84 1
+27 1
-28 1
+28 2
+1 2
fi=(5)
517 2
fi=(4)
112 18
fi=(5)
517 18
+1 20
fi=(4)
111 20
fi=(5)
518 10
fi=(4)
111 10
+5 2
+8 1
fi=(5)
312 1
fi=(4)
124 2
+12 1
+1 3
fi=(5)
266 1
fi=(4)
137 1
fi=(5)
294 1
fi=(4)
137 2
fi=(5)
294 1
fi=(4)
136 5
+1 15
fi=(5)
266 5
fi=(4)
137 5
fi=(5)
294 5
fi=(4)
137 10
fi=(5)
294 5
+9 12
+3 6
-3 12
+3 18
+6 36
fi=(3)
68 4
+2 3
fi=(5)
425 12
fi=(4)
124 19
fe=(2)

fl=(44)
fn=(164)
149 40
+15 4
-15 8
+15 4
+1 24
+6 8
+6 12
-18 8
+22 8
+7 4
-32 4
+32 4
+44 4
fi=(5)
76 12
fe=(44)
232 8
fi=(5)
76 12
+6 6
+4 9
+14 3
-8 3
+10 3
-2 6
+20 6
+9 3
fe=(44)
258 164
-98 18
fi=(5)
301 24
fe=(44)
-43 3
fi=(4)
58 3
-10 3
-1 6
+11 3
-11 3
+11 3
fe=(44)
258 1
-98 6
fi=(5)
301 8
fe=(44)
-43 1
fi=(4)
58 1
-10 1
-1 2
+11 1
-11 1
+11 1
fe=(44)
258 4
fi=(4)
58 4
-10 4
-1 8
+11 4
-11 4
+11 4
+3 15
fi=(5)
528 104
+4 104
+2 156
+1 52
fi=(4)
61 177
+2 240
+2 26
-4 3
+13 6
+1 5
+1 16
fi=(5)
528 8
+26 8
fi=(4)
75 8
fi=(5)
554 16
cob=(3)
cfi=(52) ???
cfn=(196) memcpy@GLIBC_2.2.5
calls=1 0 
* 11
cob=(3)
cfi=(51) /build/glibc-Qz8a69/glibc-2.23/time/../sysdeps/unix/sysv/linux/x86/gettimeofday.c
cfn=(192) gettimeofday
calls=1 37 
* 66
cob=(3)
cfi=(50) /build/glibc-Qz8a69/glibc-2.23/string/../sysdeps/x86_64/multiarch/strspn.S
cfn=(190) strspn
calls=1 30 
* 6
cob=(3)
cfi=(49) /build/glibc-Qz8a69/glibc-2.23/string/../sysdeps/x86_64/multiarch/strcspn.S
cfn=(188) strpbrk
calls=1 45 
* 6
cob=(3)
cfi=(45)
cfn=(186) strncasecmp
calls=1 129 
* 5
cob=(3)
cfi=(49)
cfn=(184) strcspn
calls=1 45 
* 6
cob=(3)
cfi=(46) /build/glibc-Qz8a69/glibc-2.23/time/../sysdeps/unix/sysv/linux/x86/time.c
cfn=(178) time
calls=1 38 
* 66
cob=(3)
cfi=(45)
cfn=(176) strcasecmp
calls=1 109 
* 5
fi=(4)
75 8
fi=(5)
555 8
fi=(4)
75 11
fe=(44)
258 2
fi=(4)
75 14
fe=(44)
258 14
+3 16
+24 4
+3 8
+17 12
+2 32
fi=(4)
84 5
-1 5
+3 10
-3 5
+3 5
+12 15
+10 6
+3 8
fi=(5)
512 2
fi=(4)
112 4
fi=(5)
512 1194
fi=(4)
112 2380
fi=(5)
512 2380
+5 2384
+1 2384
fi=(4)
111 2384
fi=(5)
518 1192
fi=(4)
111 1192
+7 15
+6 4
-3 8
+3 10
fi=(5)
447 9
fi=(4)
127 380
+9 190
+3 95
-3 95
+3 95
fi=(5)
269 95
fi=(4)
138 95
-2 95
+1 380
fi=(5)
269 95
+21 190
+4 190
+7 1812
fi=(4)
137 75
fi=(5)
301 150
fi=(4)
137 75
fi=(5)
301 75
fi=(4)
137 75
fi=(5)
301 150
fi=(4)
137 3
fi=(5)
301 6
fi=(4)
137 3
fi=(5)
301 3
fi=(4)
137 3
fi=(5)
301 1098
cfi=(6)
cfn=(170)
calls=78 806 
* 43338
* 624
+2 243
+3 93
-3 186
+3 279
+6 570
fe=(44)
178 8
fi=(5)
435 234
fi=(4)
124 291
+19 6
fi=(5)
301 63
fi=(4)
108 3
fi=(5)
407 42
+4 70
+14 70
+49 9
+4 21
cfi=(18)
cfn=(46)
calls=3 61 
* 54
+2 12
+1 3
fe=(44)
313 20
+3 4
-3 8
+3 4
+4 8
+1 16
cfi=(38)
cfn=(124)
calls=4 84 
* 20
* 12
fi=(5)
123 15
+6 12
fe=(44)
258 3
fi=(4)
129 8
fi=(5)
301 87
fi=(4)
160 7
+2 20
+8 10
+1 5
-1 5
+1 5
fi=(5)
+98 5
fi=(4)
-99 15
fi=(5)
+99 5
+21 10
+4 10
+7 180
cfi=(6)
cfn=(170)
calls=5 806 
* 2409
* 35
+2 15
+3 1
-3 2
+3 3
+6 30
435 15
fi=(4)
160 17
+14 2
fi=(5)
301 6
fe=(44)

fl=(21)
fn=(62)
84 4
+1 1

fl=(36)
fn=(120)
34 3
-1 3
+1 3
+1 18
+4 3

fl=(83) /build/glibc-Qz8a69/glibc-2.23/elf/dl-open.c
fn=(376) _dl_find_dso_for_object
182 5
+1 4
+1 12
+1 2
+3 2
+4 1
-9 6

fl=(65) /build/glibc-Qz8a69/glibc-2.23/elf/../sysdeps/x86_64/dl-trampoline.h
fn=(258) _dl_runtime_resolve_avx
64 1
+3 1
+2 1
+2 1
+3 1
+1 1
+1 1
+1 1
+1 1
+1 1
+1 1
+1 1
+1 1
+1 1
+1 1
+1 1
+1 1
+1 1
+1 1
+5 1
+1 1
+1 1
+1 1
+14 1
+1 1
+1 1
cfi=(66)
cfn=(260)
calls=1 -46 
* 880
+1 1
+5 1
+1 1
+1 1
+1 1
+13 1
+1 1
+1 1
+1 1
+1 1
+1 1
+1 1
+1 1
+1 1
+1 1
+1 1
+1 1
+1 1
+1 1
+1 1
+2 1
+2 1
+4 1
+3 1
cob=(3)
cfi=(67) /build/glibc-Qz8a69/glibc-2.23/csu/../csu/libc-start.c
cfn=(264) (below main)
calls=1 -25 
* 125002

fn=(259) _dl_runtime_resolve_avx'2
64 18
+3 18
+2 18
+2 18
+3 18
+1 18
+1 18
+1 18
+1 18
+1 18
+1 18
+1 18
+1 18
+1 18
+1 18
+1 18
+1 18
+1 18
+1 18
+5 18
+1 18
+1 18
+1 18
+14 18
+1 18
+1 18
cfi=(66)
cfn=(260)
calls=18 -46 
* 14819
+1 18
+5 18
+1 18
+1 18
+1 18
+13 18
+1 18
+1 18
+1 18
+1 18
+1 18
+1 18
+1 18
+1 18
+1 18
+1 18
+1 18
+1 18
+1 18
+1 18
+2 18
+2 18
+4 18
+3 18
cob=(3)
cfi=(99) /build/glibc-Qz8a69/glibc-2.23/posix/execvp.c
cfn=(532) execvp
calls=1 26 
* 3
cob=(3)
cfi=(98) /build/glibc-Qz8a69/glibc-2.23/string/../sysdeps/x86_64/multiarch/strcmp-sse2-unaligned.S
cfn=(522) __strcmp_sse2_unaligned
calls=1 24 
* 21
cob=(3)
cfi=(97) /build/glibc-Qz8a69/glibc-2.23/string/../sysdeps/x86_64/multiarch/strcpy-sse2-unaligned.S
cfn=(514) __strncpy_sse2_unaligned
calls=1 43 
* 31
cob=(3)
cfi=(95) /build/glibc-Qz8a69/glibc-2.23/posix/../sysdeps/unix/sysv/linux/waitpid.c
cfn=(498) waitpid
calls=1 29 
* 11
cob=(3)
cfi=(94) /build/glibc-Qz8a69/glibc-2.23/signal/../sysdeps/unix/sysv/linux/sigsuspend.c
cfn=(490) sigsuspend
calls=1 30 
* 13
cob=(3)
cfi=(93) /build/glibc-Qz8a69/glibc-2.23/posix/../sysdeps/nptl/fork.c
cfn=(484) fork
calls=1 49 
* 50
cob=(3)
cfi=(92) /build/glibc-Qz8a69/glibc-2.23/signal/../sysdeps/unix/sysv/linux/x86_64/sigprocmask.c
cfn=(476) sigprocmask
calls=1 36 
* 7
cob=(3)
cfi=(90) /build/glibc-Qz8a69/glibc-2.23/signal/sigaddset.c
cfn=(468) sigaddset
calls=1 24 
* 10
cob=(3)
cfi=(79) /build/glibc-Qz8a69/glibc-2.23/malloc/malloc.c
cfn=(460) free
calls=1 2932 
* 100
cob=(3)
cfi=(79)
cfn=(416) realloc
calls=1 2972 
* 248
cob=(3)
cfi=(89) /build/glibc-Qz8a69/glibc-2.23/string/../sysdeps/x86_64/multiarch/memset-avx2.S
cfn=(404) __memset_avx2
calls=1 38 
* 12
cfi=(83)
cfn=(376)
calls=1 +23 
* 32
cob=(3)
cfi=(79)
cfn=(360) malloc
calls=1 2900 
* 59301
cob=(3)
cfi=(78) /build/glibc-Qz8a69/glibc-2.23/string/../sysdeps/x86_64/strlen.S
cfn=(350) strlen
calls=1 -93 
* 16
cob=(3)
cfi=(77) /build/glibc-Qz8a69/glibc-2.23/io/../sysdeps/unix/syscall-template.S
cfn=(318) read
calls=1 -75 
* 7
cob=(3)
cfi=(75) /build/glibc-Qz8a69/glibc-2.23/signal/../nptl/sigaction.c
cfn=(310) sigaction
calls=1 34 
* 66
cob=(3)
cfi=(74) /build/glibc-Qz8a69/glibc-2.23/signal/sigempty.c
cfn=(304) sigemptyset
calls=1 26 
* 28
cob=(3)
cfi=(73) /build/glibc-Qz8a69/glibc-2.23/io/../sysdeps/unix/sysv/linux/wordsize-64/fxstat.c
cfn=(298) _fxstat
calls=1 34 
* 10

fl=(10)
fn=(18)
31 7
+8 1
-6 2
+7 1

fl=(31)
fn=(90)
115 2
+1 2

fn=(146)
49 1
+3 4
+48 1
+4 2

fn=(162)
354 3
+2 1
+11 3
cfi=(17)
cfn=(44)
calls=1 52 
* 76
* 1
+1 2
+7 2
+4 1
-57 1
+57 296
-58 2
+1 2
cfi=(17)
cfn=(36)
calls=1 103 
* 38
* 1
+1 2
+3 1
+6 2
+64 5

fn=(160)
138 7
+6 3
+3 2
+36 3
+2 10
+3 1
-1 1
+5 2
-5 3
+3 3
+2 5
+16 3
+2 2
-2 2
+2 2
+10 1
-37 2
+25 1
-25 4
+40 4
+1 1
+51 1
+1 8

fn=(200)
450 2
-1 7
+5 1
+6 3
-6 1
+6 1
-4 1
+16 1
-15 3
+20 6
+6 16
+3 1
+1 2
+6 3
+3 1
-2 2
+2 4
+1 1
+3 1
-1 3
+4 2
+1 4
+2 2
+9 6
cfi=(25)
cfn=(70)
calls=1 61 
* 23
* 4
cfi=(27)
cfn=(74)
calls=1 53 
* 30
* 2
-38 3
+52 2
+2 1
+1 8

fn=(198)
890 3
+9 1
-9 1
+6 2
+8 5
+41 1
+1 3
+1 4

ob=(4)
fl=(54)
fn=(218)
0 17

ob=(3)
fl=(48) /build/glibc-Qz8a69/glibc-2.23/elf/../sysdeps/unix/sysv/linux/dl-vdso.c
fn=(182) _dl_vdso_vsym
27 8
+4 8
-3 8

fl=(99)
fn=(532)
26 3

fl=(79)
fn=(460)
2932 100
+5 40
+1 40
+6 40
+5 20
-2 20
+2 40
+16 60
+1 40
cfn=(462) _int_free
calls=20 3839 
* 1480
+1 120

fn=(504) _int_realloc
4224 9
+21 3
+1 3
+11 3
+2 1
+1 3
+2 6
+6 2
+10 2
+12 2
+12 4
cfn=(378) _int_malloc
calls=1 3347 
* 149
+1 1
-1 1
+1 1
+9 4
+13 1
+3 2
+1 2
+2 2
+5 1
+3 1
-3 1
+1 2
+1 2
+1 1
+17 4
cfn=(462)
calls=1 3839 
* 74
+31 1
-29 1
+29 7

fn=(360)
2900 69
+5 46
+1 46
+3 176
+2 66
cfn=(378)
calls=22 3347 
* 1711
+3 22
-3 22
+3 22
+8 88
+2 242
+3 88
-18 132
-2 1
+20 3
-20 1
cfi=(80) /build/glibc-Qz8a69/glibc-2.23/malloc/hooks.c
cfn=(362) malloc_hook_ini
calls=1 29 
* 59289

fn=(416)
2972 27
+7 6
+1 6
+4 4
+7 4
+6 1
-2 1
+2 1
+2 1
-2 1
+2 2
+17 8
+2 2
+44 27
-60 2
+39 6
+2 5
cfn=(504)
calls=1 4224 
* 296
* 1
+2 4
+1 10
-38 4
+1 2
-7 2
-21 2
cfi=(80)
cfn=(418) realloc_hook_ini
calls=1 37 
* 222
* 2
+11 2
cfn=(360)
calls=1 -92 
* 184
* 2

fn=(382) sysmalloc
2266 8
+20 1
+11 1
-11 1
+11 1
+1 5
fi=(81) /build/glibc-Qz8a69/glibc-2.23/malloc/arena.c
488 3
fe=(79)
2313 5
+65 1
+1 3
+10 1
-9 1
+9 5
+6 4
+3 3
2721 2
+1 1
+8 4
+5 1
-3 1
+3 1
-2 1
+2 3
+1 1
-1 1
-1 1
+4 1
-3 2
+1 1
+8 9
2461 1
-8 4
+8 1
+21 5
cfi=(84) /build/glibc-Qz8a69/glibc-2.23/malloc/morecore.c
cfn=(384) __default_morecore
calls=1 46 
* 62
* 1
+1 1
+3 4
+3 2
+1 2
+20 2
+26 2
+2 2
+6 1
-6 1
+6 1
2319 1
2462 1
+10 5
+8 1
-8 1
+8 1
+67 7
+37 2
+6 3
+19 1
+3 2
+1 5
+2 1
-2 1
+2 1
+1 3
cfi=(84)
cfn=(384)
calls=1 46 
* 25
+12 2
+8 1
+1 1
-1 2
+1 2
+39 1
+1 1
-2 1
+1 3
+12 1
-12 1
+1 1
+11 1
2537 5

fn=(378)
3347 72
-30 48
+30 24
-30 96
+30 72
-30 24
+30 72
+4 72
+14 48
+2 63
+2 21
-1 21
-1 21
+1 21
+5 42
+3 85
+1 17
-1 17
+1 34
+25 14
+2 18
+1 18
+2 6
-2 6
+2 12
+2 2
+37 4
+1 2
+1 2
cfn=(380) malloc_consolidate
calls=1 4142 
* 651
3817 98
-2 7
+2 7
-2 7
+2 14
5000 7
3815 7
+2 7
5002 7
3817 7
5002 7
3817 21
5002 14
3817 28
5000 14
3467 35
-87 85
1877 17
3768 17
1877 34
3831 216
3601 14
+73 14
+1 14
+1 14
+1 14
+1 14
+5 14
+4 21
+3 28
-3 21
+3 24
-3 12
+3 18
3790 7
+3 7
-2 14
+2 14
+17 2
3603 3
+3 1
-3 1
+3 3
3446 3
1877 4
3825 3
cfn=(382)
calls=1 2266 
* 249
+1 2
-28 6
-3 6
+1 6
+2 6
-1 6
+1 12
+2 6
-2 24
+2 6
+3 6
1877 18

fn=(462)
3839 189
+13 21
-13 21
+13 42
+6 84
+1 42
+11 84
+13 42
+11 84
+1 63
1884 21
3919 21
1884 42
3921 63
+1 42
+4 21
-4 21
+1 21
+9 147
+9 84
+2 21
+2 126
4103 168
3947 84

fn=(380)
4142 2
4994 4
1806 3
-3 2
+3 378
-3 252
+7 3
+5 1
+2 1
-2 2
-1 3

fl=(92)
fn=(476)
36 60
+1 10

fl=(76) /build/glibc-Qz8a69/glibc-2.23/signal/../sysdeps/unix/sysv/linux/x86_64/sigaction.c
fn=(312) __libc_sigaction
47 1
+4 1
-4 1
+4 1
+3 2
-1 1
+1 2
-1 1
+1 28
+1 1
-1 1
+1 1
+7 1
-7 2
+2 2
+5 10
+3 2
+8 2
-11 2

fl=(60) /build/glibc-Qz8a69/glibc-2.23/ctype/ctype-info.c
fn=(236) __ctype_init
31 5
+2 1
+2 1
-4 1
+4 1
-4 1
+2 3
+2 3

fl=(90)
fn=(468)
24 50
fi=(91) /build/glibc-Qz8a69/glibc-2.23/signal/../sysdeps/unix/sysv/linux/bits/sigset.h
+93 30
fe=(90)
-87 10
+1 10

fl=(80)
fn=(362)
29 4
fi=(81)
260 1
fe=(80)
30 1
fi=(81)
260 1
fe=(80)
30 1
fi=(81)
260 1
fi=(79)
2909 7
+2 3
cfn=(378)
calls=1 3347 
* 1038
+3 1
-3 1
+3 1
+8 4
+2 11
fe=(80)
33 4
fi=(79)
2909 6
+12 1
cfi=(81)
cfn=(366) ptmalloc_init.part.5
calls=1 258 
* 58200
* 1
-15 2
fe=(80)

fn=(418)
37 9
+1 1
+1 1
-1 1
fi=(81)
260 1
fe=(80)
39 1
fi=(81)
260 3
fi=(79)
2980 2
+4 2
+7 2
fe=(80)
42 9
fi=(79)
2992 2
cfn=(360)
calls=1 -92 
* 186
* 2
fe=(80)

fl=(68) /build/glibc-Qz8a69/glibc-2.23/stdlib/cxa_atexit.c
fn=(266) __cxa_atexit
57 5
-22 1
+22 1
-22 1
cfn=(268) __new_exitfn
calls=1 +38 
* 38
+2 2
+4 1
+3 1
+1 1
-4 2
+2 1
+4 1
+1 1
+11 4

fn=(268)
73 2
+6 1
-6 1
+6 1
-6 1
+6 4
+2 6
+2 3
-2 1
+10 2
-10 2
+45 1
+1 1
+3 4
+3 5
-21 1
+1 2

fl=(77)
fn=(318)
84 2
cfn=(320) __read_nocancel
calls=1 * 
* 5

fn=(320)
84 5

fl=(93)
fn=(484)
49 80
+12 20
+5 30
-11 10
+68 20
+12 10
+6 10
+1 30
+3 90
+7 10
-7 10
+7 10
+4 3
+3 3
+4 2
+5 4
+1 1
+1 2
+11 3
+11 2
+16 1
-3 6
+3 1
+22 1
+34 90
-30 27
+3 9
+3 18
+10 18

fl=(75)
fn=(310)
34 3
+6 1
cfi=(76)
cfn=(312)
calls=1 +7 
* 62

fl=(45)
fn=(186)
129 1
+1 1
+1 1
+1 1
+10 1

fn=(176)
109 1
+1 1
+1 1
+1 1
+10 1

fn=(520)
87 1
+2 1
+1 1
+1 1
+12 1

fl=(89)
fn=(404)
38 51
+1 51
+1 51
+1 51
+1 51
+1 51
+1 51
+1 1
+1 1
+1 1
+1 1
+21 1
+1 1
+1 1
+1 1
+1 1
+1 1
+1 1
+1 1
+1 1
+1 1
+1 1
+20 50
+1 50
+1 50
+1 50
+1 50

fl=(98)
fn=(522)
24 25
+1 25
+1 25
+1 25
+1 25
+1 25
+1 25
+1 25
+1 25
+1 25
+1 25
+1 25
+1 25
+1 25
+1 25
+1 25
+2 25
+1 25
+1 25
+1 25
+1 25

fl=(73)
fn=(298)
34 1
-1 1
+1 1
+1 6
+4 1

fl=(49)
fn=(188)
45 1
+1 1
+1 1
+1 1
+1 1
+1 1

fn=(184)
45 1
+1 1
+1 1
+1 1
+1 1
+1 1

fl=(81)
fn=(366)
258 6
+13 1
-8 1
+8 1
+6 3
+2 5
+16 2
-56 80
-18 243
+2 160
+1 2
+1 2
340 2
+6 2
+1 2
+2 1
+1 7
-78 5
cfi=(82) /build/glibc-Qz8a69/glibc-2.23/elf/dl-addr.c
cfn=(368) _dl_addr
calls=1 126 
* 57669
* 2
+1 4

fl=(63)
fn=(246)
33 3
+1 1

fl=(95)
fn=(498)
29 180
+2 9
-2 36
+2 9

fl=(69) /build/glibc-Qz8a69/glibc-2.23/setjmp/../sysdeps/x86_64/bsd-_setjmp.S
fn=(284) _setjmp
30 1
+2 1
cfi=(70) /build/glibc-Qz8a69/glibc-2.23/setjmp/../sysdeps/x86_64/setjmp.S
cfn=(286) __sigsetjmp
calls=1 -6 
* 28

fl=(71) /build/glibc-Qz8a69/glibc-2.23/setjmp/sigjmp.c
fn=(288) __sigjmp_save
28 1
+1 1
-1 2
+1 2
+5 3

fl=(67)
fn=(264)
134 7
+4 1
-4 3
+4 3
+82 1
-82 1
+82 1
+1 4
cfi=(68)
cfn=(266)
calls=1 57 
* 60
+22 4
+3 2
+1 5
cob=(5)
cfi=(64)
cfn=(270) __libc_csu_init
calls=1 0 
* 56
+4 4
+15 2
+12 2
cfi=(69)
cfn=(284)
calls=1 30 
* 30
+1 2
+5 2
+1 2
+3 2
+3 6
cob=(5)
cfi=(72) /home/damian/Desktop/shell/mshell.c
cfn=(290) main
calls=1 28 
* 124800
138 2

fl=(46)
fn=(178)
38 1
-1 1
+1 6
fi=(47) /build/glibc-Qz8a69/glibc-2.23/time/../sysdeps/generic/dl-hash.h
+10 3
+14 4
-17 3
+3 9
+14 12
-17 9
fe=(46)
-7 3
+3 2
-3 1
+3 1
cfi=(48)
cfn=(182)
calls=1 -14 
* 6
+1 3
+1 2

fl=(97)
fn=(514)
43 13
+1 13
+1 13
+2 13
+2 13
+5 13
+1 13
+1 13
+2 2
+1 2
+1 2
+1 2
+2 2
+1 2
+1 2
+8 2
+1 2
+1 2
+2 2
+2 1
+1 1
+2 1
+1 1
+3 1
+1 1
+1 1
295 11
+1 11
+1 11
+1 11
+1 11
+6 11
+2 11
+2 3
+1 3
+2 3
+1 3
+1 3
+6 3
+2 3
453 52
+16 1
+1 1
+1 1
+1 1
+1 1
+1 1
+4 1
+1 1
+1 1
+1 1
+4 11
+1 11
+1 11
+17 1
+1 1
+6 1
+1 1
+6 3
+1 3
+1 3
+2 3
+1 3
-1 8
+1 8
+22 2
+1 2
+5 2
+1 2
+1 2
+2 2
+4 3
+1 3
+1 3
+5 3
+1 3
+1 3
+2 3
+4 3
+1 3
+5 3
+1 3
+1 3
+2 3
+4 1
+1 1
+1 1
+5 1
+1 1
+1 1
+2 1
+20 1
+1 1
+1 1
+1 1
+5 1
+1 1
+1 1
+2 1
+4 1
+1 1
+5 1
+1 1
+1 1
+2 1
+4 1
+1 1
+1 1
+5 1
+1 1
+1 1
+2 1
821 1
+1 1
+1 1
+1 1
+5 1
+1 1
+1 1
+2 1

fl=(51)
fn=(192)
37 1
-1 1
+1 6
fi=(47)
+11 3
+14 4
-17 3
+3 9
+14 12
-17 9
fe=(51)
-8 3
+3 2
-3 1
+3 1
cfi=(48)
cfn=(182)
calls=1 -13 
* 6
+1 3
+1 2

fl=(85) /build/glibc-Qz8a69/glibc-2.23/misc/sbrk.c
fn=(386) sbrk
34 2
+8 2
-8 6
+8 9
+4 4
+4 6
+12 5
-19 2
cfi=(86) /build/glibc-Qz8a69/glibc-2.23/misc/../sysdeps/unix/sysv/linux/x86_64/brk.c
cfn=(388) brk
calls=1 -12 
* 12
* 4
+15 2
cfi=(86)
cfn=(388)
calls=1 -27 
* 12
* 2
+4 5

fl=(55)
fn=(226)
52 8
+6 3
+14 1
fi=(57) /build/glibc-Qz8a69/glibc-2.23/csu/../sysdeps/unix/sysv/linux/x86_64/init-first.c
-36 1
fe=(55)
+34 1
+1 1
fi=(57)
-35 3
fe=(55)
+36 1
fi=(57)
-36 3
fi=(56) /build/glibc-Qz8a69/glibc-2.23/csu/../sysdeps/generic/dl-hash.h
+12 3
+14 4
-17 3
+3 9
+14 12
-17 9
fi=(57)
-9 3
+2 2
-2 1
+2 2
cfi=(48)
cfn=(182)
calls=1 -11 
* 6
+1 2
+5 2
-3 2
+1 1
+2 1
cfi=(48)
cfn=(182)
calls=1 -17 
* 6
fe=(55)
+42 3
fi=(57)
-41 2
+1 1
fe=(55)
+40 1
cfi=(58) /build/glibc-Qz8a69/glibc-2.23/misc/init-misc.c
cfn=(232) __init_misc
calls=1 -55 
* 48
+8 1
cfi=(60)
cfn=(236)
calls=1 -63 
* 16
+5 6
-34 1
-7 1
+7 4
fi=(57)
-25 2
fe=(55)

fl=(59) /build/glibc-Qz8a69/glibc-2.23/string/../sysdeps/x86_64/strrchr.S
fn=(234) rindex
24 1
+1 1
+1 1
+1 1
+1 1
+1 1
+1 1
+1 1
+1 1
+1 1
+1 1
+1 1
+1 1
+1 1
+1 1
+1 1
+1 1
+1 1
+1 1
+1 1
+1 1
+1 1
+1 1
+1 1

fl=(86)
fn=(388)
31 16
+8 2
-6 4
+7 2

fl=(50)
fn=(190)
30 1
+1 1
+1 1
+1 1
+1 1
+1 1

fl=(78)
fn=(350)
66 10
+1 10
+1 10
+1 10
+1 10
+1 10
+1 10
+2 10
+2 10
+30 10
+1 10
+1 10
+1 10
+1 10
+1 7
+1 7
+4 3
+1 3
+1 3
+1 3
+1 3
+1 3
+1 3
+1 3
+1 3
+1 3
+1 3
+1 3
+5 22
+71 1
+1 1
+1 1
+1 1
+1 1
+1 1
+1 1
+1 1
+16 1
+2 1
+1 14
+2 1
+1 1
+1 1
+1 1

fl=(88)
fn=(402)
28 1
+1 1
+1 1
+1 1
+1 1
+2 1
+1 1
+5 1

fl=(82)
fn=(368)
126 9
+5 1
-5 2
+5 2
cob=(1)
cfi=(2)
cfn=(50)
calls=1 688 
* 2
+2 2
cob=(1)
cfi=(65)
cfn=(259)
calls=1 -69 
* 1190
* 5
+2 2
30 1
+1 1
-1 1
+1 1
+3 2
+5 1
+6 1
-7 1
+2 2
+2 1
-2 1
+2 1
+3 1
+5 8
+2 1
+1 2
-1 1010
+1 2020
+2 3628
+9 2010
+7 24
-2 24
+2 2259
-2 2211
+2 5750
-10 11175
+2 8940
+1 14318
+7 1011
-21 2022
+49 3
+1 1
+1 3
+3 2
+37 2
cob=(1)
cfi=(2)
cfn=(52)
calls=1 694 
* 2
+3 9
-28 1
+1 1
+21 2

fl=(58)
fn=(232)
31 2
-1 3
+1 4
+2 3
cfi=(59)
cfn=(234)
calls=1 -9 
* 24
+4 5
+1 3
+2 4

fl=(74)
fn=(304)
26 20
-1 20
+1 20
+6 480
+3 20

fl=(52)
fn=(196)
0 11

fl=(96)
fn=(512)
64 1
+1 1
+1 1
+1 1
+5 1

fl=(61)
fn=(242) intel_check_word
133 8
+6 4
-7 20
+7 16
-7 4
+7 4
+2 4
-2 4
+2 4
+68 8
+3 24
-69 4
+2 8
-2 6
+2 12
+8 20
+51 16
+22 8
fi=(62) /build/glibc-Qz8a69/glibc-2.23/string/../bits/stdlib-bsearch.h
27 8
+1 16
+3 16
+1 8
fe=(61)
+89 16
fi=(62)
-90 12
+1 6
fe=(61)
+89 12
+3 54
fi=(62)
-95 44
+2 44
-2 44
+2 80
+1 40
fe=(61)
+89 80
251 8
141 16
-6 2
256 24
fi=(62)
37 10
-8 24
fe=(61)
165 6
+3 6
+4 4
+2 4
+1 14
+2 7
-12 2
+12 2
+1 10
+1 10
+1 6
+17 3
-32 9
+3 9
+4 6
+2 6
+1 12
+2 12
+5 2
+2 4
+2 32

fn=(238)
482 2
+12 1
-12 3
+12 3
+2 4
cfn=(240) handle_intel
calls=1 262 
* 455
+4 2
-4 1
+4 1
cfn=(240)
calls=1 262 
* 547
+2 1
-2 1
-1 1
+3 1
+9 2
+2 1
+1 1
+2 1
+5 2
+9 4
-9 4
+9 16
-9 12
+6 8
+69 4
+1 5
+55 2
+2 1
+1 1
+2 1
-3 1
+5 1
-5 1
+4 3
+4 2
+2 1
+1 1
+2 1
-3 1
+5 1
-5 1
+4 2
+3 1
-3 1
+3 5
532 1
+32 1
-26 6
+7 5
+2 1
+1 1
+1 2
-4 4
+2 1
+1 1
+1 6
+2 2
-6 2
+6 2
+5 1
+2 2
+1 1
-1 1
+1 3
+6 1
-1 1
+1 5

fn=(240)
262 4
-1 4
+17 2
-17 12
+14 2
+1 4
-3 6
+23 8
cfn=(242)
calls=2 133 
* 666
+1 4
+3 10
cfn=(242)
calls=2 133 
* 238
+1 4
-17 4
+5 2
-5 6
+5 2
+2 2
+1 2
-1 4
+27 16

fl=(70)
fn=(286)
26 1
+9 1
+1 2
+1 1
+4 1
+1 1
+1 1
+1 1
+1 1
+2 2
+2 1
+1 1
+1 1
+2 2
+2 1
+9 1
cfi=(71)
cfn=(288)
calls=1 -36 
* 9

fl=(94)
fn=(490)
30 108
+1 9

fl=(84)
fn=(384)
46 2
+1 2
cfi=(85)
cfn=(386)
calls=2 -13 
* 73
+1 6
+4 4

ob=(5)
fl=(64)
fn=(452) yy_delete_buffer
0 300
cfn=(454) yyfree
calls=10 0 
0 1932
0 30
cfn=(454)
calls=10 0 
0 1100
0 20

fn=(424) yylex
0 266
cfn=(406) yy_load_buffer_state
calls=1 0 
0 30
0 10284
cfn=(426) yy_get_next_buffer
calls=16 0 
0 816
0 64
cfn=(446) yywrap
calls=10 0 
0 50
0 186
cfn=(428) yy_get_previous_state
calls=6 0 
0 3624
0 208

fn=(430) closeargv
0 50
cfn=(432) appendtoargv
calls=10 0 
0 120
0 70

fn=(442) closepipeline
0 50
cfn=(440) appendtopipeline
calls=10 0 
0 120
0 60

fn=(328) resetbuffer
0 50

fn=(340) resetpipelineseqs
0 60

fn=(352) yy_scan_bytes
0 120
cfn=(354) yyalloc
calls=10 0 
0 61167
0 2042
cfn=(390) yy_scan_buffer
calls=10 0 
0 4244
0 80

fn=(270)
0 15
cob=(2)
cfi=(16)
cfn=(272)
calls=1 0 
0 6
0 8
cfn=(276) 0x0000000000401270
calls=1 0 
0 16
0 11

fn=(434) closeredirseq
0 50
cfn=(436) appendtoredirseq
calls=10 0 
0 120
0 60

fn=(338) resetpipelines
0 60

fn=(354)
0 147
cob=(3)
cfi=(79)
cfn=(360)
calls=20 2900 
0 2353
cob=(1)
cfi=(65)
cfn=(259)
calls=1 64 
0 60127
0 25
0 42

fn=(392) yy_switch_to_buffer
0 50
cfn=(394) yyensure_buffer_stack
calls=10 0 
0 1662
0 280
cfn=(406)
calls=10 0 
0 300
0 30

fn=(406)
0 330

fn=(448) closepipelineseq
0 50
cfn=(444) appendtopipelineseq
calls=10 0 
0 120
0 60

fn=(326) resetutils
0 30
cfn=(328)
calls=10 0 
0 50
0 10
cfn=(330) resetargvs
calls=10 0 
0 70
0 10
cfn=(332) resetcommands
calls=10 0 
0 50
0 10
cfn=(334) resetredirs
calls=10 0 
0 50
0 10
cfn=(336) resetredirseqs
calls=10 0 
0 60
0 10
cfn=(338)
calls=10 0 
0 60
0 10
cfn=(340)
calls=10 0 
0 60
0 20

fn=(336)
0 60

fn=(342) switchinputbuftostring
0 70
cfn=(344) yy_scan_string
calls=10 0 
0 68914
0 30

fn=(390)
0 230
cfn=(354)
calls=10 0 
0 1322
0 340
cfn=(392)
calls=10 0 
0 2322
0 30

fn=(394)
0 66
cfn=(354)
calls=1 0 
0 205
0 11
cob=(1)
cfi=(65)
cfn=(259)
calls=1 64 
0 864
0 5
0 63
cfn=(502) yyrealloc
calls=1 0 
0 388
0 14
cob=(3)
cfi=(89)
cfn=(404)
calls=1 38 
0 22
0 1
0 23

fn=(408) yyparse
0 102
cfn=(410) yygrowstack
calls=1 0 
0 1414
0 1522
cfn=(424)
calls=24 0 
0 15528
0 5168
cob=(3)
cfi=(89)
cfn=(404)
calls=49 38 
0 588
0 49
0 740
cfn=(448)
calls=10 0 
0 230
0 130
cfn=(444)
calls=10 0 
0 120
0 30
cfn=(442)
calls=10 0 
0 230
0 50
cfn=(440)
calls=10 0 
0 120
0 80
cfn=(438) nextcommand
calls=10 0 
0 100
0 140
cfn=(430)
calls=10 0 
0 240
0 30
cfn=(434)
calls=10 0 
0 230
0 72
cfn=(432)
calls=13 0 
0 156
0 117
cfn=(506) copytobuffer
calls=13 0 
0 1655
0 8445

fn=(502)
0 10
cob=(3)
cfi=(79)
cfn=(416)
calls=1 2972 
0 375
0 1
0 2

fn=(250)
0 11
cob=(1)
cfi=(65)
cfn=(258)
calls=1 64 
0 125932
0 5

fn=(330)
0 70

fn=(332)
0 50

fn=(334)
0 50

fn=(428)
0 3624

fn=(438)
0 100

fn=(440)
0 240

fn=(506)
0 286
cob=(3)
cfi=(97)
cfn=(514)
calls=12 43 
0 417
cob=(1)
cfi=(65)
cfn=(259)
calls=1 64 
0 896
0 17
0 39

fn=(426)
0 816

fn=(446)
0 50

fn=(454)
0 140
cob=(3)
cfi=(79)
cfn=(460)
calls=19 2932 
0 1900
cob=(1)
cfi=(65)
cfn=(259)
calls=1 64 
0 928
0 24
0 40

fn=(432)
0 276

fn=(276)
0 16

fn=(410)
0 27
cob=(1)
cfi=(65)
cfn=(259)
calls=1 64 
0 1120
0 5
0 20
cob=(3)
cfi=(79)
cfn=(416)
calls=1 2972 
0 214
0 1
0 27

fn=(436)
0 120

fn=(444)
0 240

fn=(450) freestringinputbuf
0 50
cfn=(452)
calls=10 0 
0 3382
0 20

fn=(292) fstat
0 4
cob=(1)
cfi=(65)
cfn=(259)
calls=1 64 
0 844
0 5

fn=(324) parseline
0 50
cfn=(326)
calls=10 0 
0 510
0 30
cfn=(342)
calls=10 0 
0 69014
0 10
cfn=(408)
calls=10 0 
0 37286
0 20
cfn=(450)
calls=10 0 
0 3452
0 50

fn=(344)
0 70
cob=(3)
cfi=(78)
cfn=(350)
calls=9 66 
0 224
cob=(1)
cfi=(65)
cfn=(259)
calls=1 64 
0 883
0 14
0 50
cfn=(352)
calls=10 0 
0 67653
0 20

fl=(72)
fn=(492) handler
96 36
+4 36
cob=(3)
cfi=(95)
cfn=(498)
calls=8 -71 
* 88
cob=(1)
cfi=(65)
cfn=(259)
calls=1 -36 
* 883
* 13
* 36
cob=(3)
cfi=(95)
cfn=(498)
calls=9 -71 
* 135
* 9
* 18
+1 63
+2 36
+1 27

fn=(526) redirections
258 4
+1 1
+1 10
+43 3

fn=(322) checkPipelines
106 80
+2 10
+1 40
+2 60
cfi=(64)
cfn=(324)
calls=10 0 
* 110422
* 10
+1 10
+2 10
+2 30
cob=(3)
cfi=(74)
cfn=(304)
calls=10 -90 
* 280
* 10
+1 40
cob=(3)
cfi=(90)
cfn=(468)
calls=9 -93 
* 90
cob=(1)
cfi=(65)
cfn=(259)
calls=1 -53 
* 868
* 14
+1 50
cob=(3)
cfi=(92)
cfn=(476)
calls=9 -82 
* 63
cob=(1)
cfi=(65)
cfn=(259)
calls=1 -54 
* 921
* 14
+2 100
+5 110
+2 100
cfn=(478) builtin_command
calls=10 +93 
* 2247
* 10
+1 20
+2 10
cob=(3)
cfi=(93)
cfn=(484)
calls=9 -81 
* 471
cob=(1)
cfi=(65)
cfn=(259)
calls=1 -66 
* 851
* 14
* 10
+1 20
+2 10
cfn=(524) execCommand
calls=1 240 
* 904
+4 27
+2 27
cob=(3)
cfi=(74)
cfn=(304)
calls=9 26 
* 252
* 9
+1 9
+2 27
cob=(3)
cfi=(94)
cfn=(490)
calls=8 30 
* 104
cob=(1)
cfi=(65)
cfn=(259)
calls=1 -78 
* 870
* 13
-2 54
+5 9
+1 9
-34 171
+80 54

fn=(524)
240 4
+2 2
+2 3
cfn=(526)
calls=1 +14 
* 18
+1 8
cob=(1)
cfi=(65)
cfn=(259)
calls=1 64 
* 864
* 5

fn=(478)
220 40
+1 20
+1 10
+2 150
+1 275
cob=(3)
cfi=(98)
cfn=(522)
calls=24 24 
* 504
cob=(1)
cfi=(65)
cfn=(259)
calls=1 64 
* 854
* 29
* 50
+10 25
-13 250
+2 10
+13 10
+1 20

fn=(290)
28 8
+6 4
cfi=(64)
cfn=(292)
calls=1 -34 
* 853
* 1
+1 1
+1 1
+2 1
+1 1
+1 4
cob=(1)
cfi=(65)
cfn=(259)
calls=1 +24 
* 951
* 5
+1 5
cob=(1)
cfi=(65)
cfn=(259)
calls=1 +23 
* 947
* 5
+4 4
+2 11
cob=(1)
cfi=(65)
cfn=(259)
calls=1 +17 
* 824
* 5
* 1
+1 5
+1 2
+16 3
+2 690
+2 30
+1 50
cfn=(322)
calls=10 +36 
* 119534
+1 27
-6 827

totals: 220236
